-H 
S  4 1.00
   0.336850140D+02   0.607991000D-02
   0.509478800D+01   0.453702400D-01
   0.115878600D+01   0.202082320D+00
   0.325840000D+00   0.506839200D+00
S  1 1.00
   0.102741000D+00   0.100000000D+01
S  1 1.00
   0.324000000D-01   0.100000000D+01
P  2 1.00
   0.102741000D+00   0.100000000D+01
   0.324000000D-01   0.126555750D+00
****
-C 
S  8 1.00
   0.524063530D+04   0.936980000D-03
   0.782204800D+03   0.722784000D-02
   0.178350830D+03   0.363414400D-01
   0.508159420D+02   0.130611680D+00
   0.168235620D+02   0.318884290D+00
   0.617577600D+01   0.438879540D+00
   0.241804900D+01   0.214741430D+00
   0.511900000D+00   0.953294000D-02
S  8 1.00
   0.524063530D+04  -0.198250000D-03
   0.782204800D+03  -0.156289000D-02
   0.178350830D+03  -0.774345000D-02
   0.508159420D+02  -0.301830000D-01
   0.168235620D+02  -0.768049200D-01
   0.617577600D+01  -0.161098350D+00
   0.241804900D+01  -0.944447500D-01
   0.511900000D+00   0.564557250D+00
S  1 1.00
   0.156590000D+00   0.100000000D+01
S  1 1.00
   0.479000000D-01   0.100000000D+01
P  4 1.00
   0.188418000D+02   0.138667200D-01
   0.415924000D+01   0.864184100D-01
   0.120671000D+01   0.287837310D+00
   0.385540000D+00   0.502671790D+00
P  1 1.00
   0.121940000D+00   0.100000000D+01
P  1 1.00
   0.385680000D-01   0.100000000D+01
D  2 1.00
   0.121940000D+00   0.100000000D+01
   0.385680000D-01   0.264026530D+00
****
-N 
S  8 1.00
   0.810407160D+04   0.810020000D-03
   0.121602150D+04   0.607584000D-02
   0.277234280D+03   0.320935800D-01
   0.769040230D+02   0.117485300D+00
   0.258744190D+02   0.293743090D+00
   0.934676700D+01   0.451054840D+00
   0.357979400D+01   0.242833250D+00
   0.739610000D+00   0.134481700D-01
S  8 1.00
   0.810407160D+04   0.177130000D-03
   0.121602150D+04   0.135997000D-02
   0.277234280D+03   0.705650000D-02
   0.769040230D+02   0.280334200D-01
   0.258744190D+02   0.722860200D-01
   0.934676700D+01   0.164640370D+00
   0.357979400D+01   0.106339810D+00
   0.739610000D+00  -0.562200150D+00
S  1 1.00
   0.222617000D+00   0.100000000D+01
S  1 1.00
   0.670060000D-01   0.100000000D+01
P  4 1.00
   0.268689870D+02   0.144532200D-01
   0.599122700D+01   0.913224300D-01
   0.175084200D+01   0.296367460D+00
   0.560511000D+00   0.497562920D+00
P  1 1.00
   0.175948000D+00   0.100000000D+01
P  1 1.00
   0.552310000D-01   0.100000000D+01
D  2 1.00
   0.175948000D+00   0.100000000D+01
   0.552310000D-01   0.317135900D+00
****
-O 
S  8 1.00
   0.106622850D+05   0.799460000D-03
   0.159970970D+04   0.615305000D-02
   0.364725260D+03   0.311540600D-01
   0.103651790D+03   0.115611600D+00
   0.339058050D+02   0.301488020D+00
   0.122874690D+02   0.445060330D+00
   0.475680500D+01   0.242843130D+00
   0.100427100D+01   0.139046200D-01
S  8 1.00
   0.106622850D+05   0.179930000D-03
   0.159970970D+04   0.141819000D-02
   0.364725260D+03   0.704684000D-02
   0.103651790D+03   0.284015100D-01
   0.339058050D+02   0.768572200D-01
   0.122874690D+02   0.169290280D+00
   0.475680500D+01   0.103803350D+00
   0.100427100D+01  -0.568795640D+00
S  1 1.00
   0.300686000D+00   0.100000000D+01
S  1 1.00
   0.900300000D-01   0.100000000D+01
P  4 1.00
   0.348564630D+02   0.156189200D-01
   0.784313100D+01   0.984356900D-01
   0.230624900D+01   0.307051920D+00
   0.723164000D+00   0.495290470D+00
P  1 1.00
   0.214802000D+00   0.100000000D+01
P  1 1.00
   0.638500000D-01   0.100000000D+01
D  2 1.00
   0.214802000D+00   0.100000000D+01
   0.638500000D-01   0.330695920D+00
****
-F 
S  8 1.00
   0.135215230D+05   0.800740000D-03
   0.202869160D+04   0.616424000D-02
   0.462373920D+03   0.312415600D-01
   0.131373660D+03   0.116096070D+00
   0.429745310D+02   0.303528680D+00
   0.155714400D+02   0.446083430D+00
   0.603223200D+01   0.238802660D+00
   0.130721500D+01   0.138060800D-01
S  8 1.00
   0.135215230D+05   0.183890000D-03
   0.202869160D+04   0.144945000D-02
   0.462373920D+03   0.721378000D-02
   0.131373660D+03   0.291245900D-01
   0.429745310D+02   0.793365600D-01
   0.155714400D+02   0.174381190D+00
   0.603223200D+01   0.100196930D+00
   0.130721500D+01  -0.572725630D+00
S  1 1.00
   0.388869000D+00   0.100000000D+01
S  1 1.00
   0.115680000D+00   0.100000000D+01
P  4 1.00
   0.441473030D+02   0.164887800D-01
   0.999342600D+01   0.103628110D+00
   0.295324600D+01   0.314604570D+00
   0.918597000D+00   0.492410880D+00
P  1 1.00
   0.266824000D+00   0.100000000D+01
P  1 1.00
   0.775000000D-01   0.100000000D+01
D  2 1.00
   0.266824000D+00   0.100000000D+01
   0.775000000D-01   0.365642130D+00
****
-Si
S 11 1.00
   0.693792300D+05   0.317460000D-03
   0.103549400D+05   0.248568000D-02
   0.233388000D+04   0.130303300D-01
   0.657140000D+03   0.522606700D-01
   0.214300000D+03   0.161208060D+00
   0.776290000D+02   0.348121370D+00
   0.306310000D+02   0.404496080D+00
   0.128010000D+02   0.162379520D+00
   0.392690000D+01   0.899823000D-02
   0.145230000D+01  -0.633760000D-03
   0.256200000D+00   0.293620000D-03
S 11 1.00
   0.693792300D+05  -0.847900000D-04
   0.103549400D+05  -0.659470000D-03
   0.233388000D+04  -0.352227000D-02
   0.657140000D+03  -0.141932300D-01
   0.214300000D+03  -0.475453500D-01
   0.776290000D+02  -0.114970470D+00
   0.306310000D+02  -0.202628210D+00
   0.128010000D+02  -0.663900400D-01
   0.392690000D+01   0.544100560D+00
   0.145230000D+01   0.571662390D+00
   0.256200000D+00   0.348892600D-01
S 11 1.00
   0.693792300D+05   0.217200000D-04
   0.103549400D+05   0.169110000D-03
   0.233388000D+04   0.902750000D-03
   0.657140000D+03   0.364924000D-02
   0.214300000D+03   0.122598600D-01
   0.776290000D+02   0.301087000D-01
   0.306310000D+02   0.544035100D-01
   0.128010000D+02   0.191780200D-01
   0.392690000D+01  -0.185203350D+00
   0.145230000D+01  -0.342319690D+00
   0.256200000D+00   0.616964400D+00
S  1 1.00
   0.943000000D-01   0.100000000D+01
S  1 1.00
   0.347000000D-01   0.100000000D+01
P  8 1.00
   0.335480000D+03   0.355129000D-02
   0.789000000D+02   0.273565900D-01
   0.249880000D+02   0.116495920D+00
   0.921970000D+01   0.293033800D+00
   0.362110000D+01   0.432688890D+00
   0.145130000D+01   0.306454150D+00
   0.505000000D+00   0.454326600D-01
   0.186300000D+00  -0.402038000D-02
P  8 1.00
   0.335480000D+03   0.761600000D-03
   0.789000000D+02   0.588837000D-02
   0.249880000D+02   0.256655600D-01
   0.921970000D+01   0.659579500D-01
   0.362110000D+01   0.102436240D+00
   0.145130000D+01   0.721012900D-01
   0.505000000D+00  -0.200405490D+00
   0.186300000D+00  -0.568762490D+00
P  1 1.00
   0.654000000D-01   0.100000000D+01
P  1 1.00
   0.230000000D-01   0.100000000D+01
D  2 1.00
   0.654000000D-01  -0.100000000D+01
   0.230000000D-01  -0.161709880D+00
****
-P 
S 11 1.00
   0.774924300D+05   0.328890000D-03
   0.116057900D+05   0.255399000D-02
   0.264596000D+04   0.131102100D-01
   0.754980000D+03   0.518435200D-01
   0.248750000D+03   0.158075180D+00
   0.911570000D+02   0.340635490D+00
   0.362260000D+02   0.404937520D+00
   0.152110000D+02   0.171359160D+00
   0.471380000D+01   0.104155700D-01
   0.178270000D+01  -0.982150000D-03
   0.342500000D+00   0.381960000D-03
S 11 1.00
   0.774924300D+05   0.896000000D-04
   0.116057900D+05   0.691490000D-03
   0.264596000D+04   0.361519000D-02
   0.754980000D+03   0.143733000D-01
   0.248750000D+03   0.475531300D-01
   0.911570000D+02   0.114619120D+00
   0.362260000D+02   0.204293500D+00
   0.152110000D+02   0.771567900D-01
   0.471380000D+01  -0.536246130D+00
   0.178270000D+01  -0.580511580D+00
   0.342500000D+00  -0.382285700D-01
S 11 1.00
   0.774924300D+05   0.246000000D-04
   0.116057900D+05   0.190280000D-03
   0.264596000D+04   0.992460000D-03
   0.754980000D+03   0.396939000D-02
   0.248750000D+03   0.131263500D-01
   0.911570000D+02   0.323247600D-01
   0.362260000D+02   0.586167300D-01
   0.152110000D+02   0.247610000D-01
   0.471380000D+01  -0.201483070D+00
   0.178270000D+01  -0.367264650D+00
   0.342500000D+00   0.622780770D+00
S  1 1.00
   0.124600000D+00   0.100000000D+01
S  1 1.00
   0.453000000D-01   0.100000000D+01
P  8 1.00
   0.384840000D+03   0.371277000D-02
   0.905520000D+02   0.285859800D-01
   0.288060000D+02   0.121144980D+00
   0.106880000D+02   0.301469790D+00
   0.425210000D+01   0.433953680D+00
   0.174050000D+01   0.291317140D+00
   0.597900000D+00   0.394956900D-01
   0.229200000D+00  -0.477062000D-02
P  8 1.00
   0.384840000D+03   0.888540000D-03
   0.905520000D+02   0.682869000D-02
   0.288060000D+02   0.299237300D-01
   0.106880000D+02   0.754762400D-01
   0.425210000D+01   0.117920990D+00
   0.174050000D+01   0.642959100D-01
   0.597900000D+00  -0.265443900D+00
   0.229200000D+00  -0.566475700D+00
P  1 1.00
   0.838000000D-01   0.100000000D+01
P  1 1.00
   0.306000000D-01   0.100000000D+01
D  2 1.00
   0.838000000D-01  -0.100000000D+01
   0.306000000D-01  -0.120137480D+00
****
-S 
S 11 1.00
   0.994134000D+05   0.293840000D-03
   0.139617000D+05   0.241676000D-02
   0.316990000D+04   0.123322100D-01
   0.902460000D+03   0.490686000D-01
   0.297160000D+03   0.150900450D+00
   0.108702000D+03   0.331860040D+00
   0.431550000D+02   0.408518810D+00
   0.181080000D+02   0.185650840D+00
   0.557050000D+01   0.123296900D-01
   0.214270000D+01  -0.148067000D-02
   0.434000000D+00   0.514050000D-03
S 11 1.00
   0.994134000D+05   0.814200000D-04
   0.139617000D+05   0.665530000D-03
   0.316990000D+04   0.345906000D-02
   0.902460000D+03   0.138187100D-01
   0.297160000D+03   0.460523400D-01
   0.108702000D+03   0.112668510D+00
   0.431550000D+02   0.205721020D+00
   0.181080000D+02   0.906908800D-01
   0.557050000D+01  -0.530528000D+00
   0.214270000D+01  -0.587508410D+00
   0.434000000D+00  -0.410104600D-01
S 11 1.00
   0.994134000D+05   0.236100000D-04
   0.139617000D+05   0.193620000D-03
   0.316990000D+04   0.100202000D-02
   0.902460000D+03   0.403803000D-02
   0.297160000D+03   0.134021000D-01
   0.108702000D+03   0.336850400D-01
   0.431550000D+02   0.620847000D-01
   0.181080000D+02   0.314222200D-01
   0.557050000D+01  -0.216385950D+00
   0.214270000D+01  -0.386678520D+00
   0.434000000D+00   0.642120890D+00
S  1 1.00
   0.157000000D+00   0.100000000D+01
S  1 1.00
   0.568000000D-01   0.100000000D+01
P  8 1.00
   0.495040000D+03   0.311840000D-02
   0.117220000D+03   0.242123400D-01
   0.375070000D+02   0.105935100D+00
   0.139100000D+02   0.282684150D+00
   0.550450000D+01   0.438640350D+00
   0.224330000D+01   0.314726520D+00
   0.776200000D+00   0.460802000D-01
   0.291900000D+00  -0.479244000D-02
P  8 1.00
   0.495040000D+03   0.800210000D-03
   0.117220000D+03   0.618930000D-02
   0.375070000D+02   0.280402400D-01
   0.139100000D+02   0.759054900D-01
   0.550450000D+01   0.128172200D+00
   0.224330000D+01   0.744546600D-01
   0.776200000D+00  -0.276761920D+00
   0.291900000D+00  -0.562763980D+00
P  1 1.00
   0.102900000D+00   0.100000000D+01
P  1 1.00
   0.363000000D-01   0.100000000D+01
D  2 1.00
   0.102900000D+00  -0.100000000D+01
   0.363000000D-01  -0.154240090D+00
****
-Cl
S 11 1.00
   0.105818800D+06   0.305480000D-03
   0.158720000D+05   0.236510000D-02
   0.361970000D+04   0.121893200D-01
   0.103080000D+04   0.484131200D-01
   0.339910000D+03   0.148952860D+00
   0.124538000D+03   0.328810980D+00
   0.495140000D+02   0.409014160D+00
   0.208060000D+02   0.190118580D+00
   0.646480000D+01   0.130994300D-01
   0.252540000D+01  -0.169245000D-02
   0.537800000D+00   0.552540000D-03
S 11 1.00
   0.105818800D+06   0.859200000D-04
   0.158720000D+05   0.660980000D-03
   0.361970000D+04   0.346903000D-02
   0.103080000D+04   0.138393000D-01
   0.339910000D+03   0.461058200D-01
   0.124538000D+03   0.113271840D+00
   0.495140000D+02   0.207874950D+00
   0.208060000D+02   0.963007000D-01
   0.646480000D+01  -0.528547570D+00
   0.252540000D+01  -0.589885240D+00
   0.537800000D+00  -0.431098200D-01
S 11 1.00
   0.105818800D+06   0.259500000D-04
   0.158720000D+05   0.200530000D-03
   0.361970000D+04   0.104658000D-02
   0.103080000D+04   0.421919000D-02
   0.339910000D+03   0.139693300D-01
   0.124538000D+03   0.353922000D-01
   0.495140000D+02   0.652812500D-01
   0.208060000D+02   0.353696500D-01
   0.646480000D+01  -0.229766050D+00
   0.252540000D+01  -0.401263400D+00
   0.537800000D+00   0.649467260D+00
S  1 1.00
   0.193500000D+00   0.100000000D+01
S  1 1.00
   0.696000000D-01   0.100000000D+01
P  8 1.00
   0.589780000D+03   0.293334000D-02
   0.139850000D+03   0.229331500D-01
   0.447950000D+02   0.101989640D+00
   0.166120000D+02   0.278442200D+00
   0.659950000D+01   0.439284410D+00
   0.271410000D+01   0.318224940D+00
   0.952800000D+00   0.477912400D-01
   0.358000000D+00  -0.431783000D-02
P  8 1.00
   0.589780000D+03   0.796580000D-03
   0.139850000D+03   0.619516000D-02
   0.447950000D+02   0.285943400D-01
   0.166120000D+02   0.792047500D-01
   0.659950000D+01   0.136951110D+00
   0.271410000D+01   0.764225900D-01
   0.952800000D+00  -0.292902970D+00
   0.358000000D+00  -0.559301930D+00
P  1 1.00
   0.125000000D+00   0.100000000D+01
P  1 1.00
   0.436000000D-01   0.100000000D+01
D  2 1.00
   0.125000000D+00  -0.100000000D+01
   0.436000000D-01  -0.165623380D+00
****
